0 0.000000
10 0.000007
20 0.000059
30 0.000285
40 0.000439
50 0.000845
60 0.001355
70 0.002243
80 0.003281
90 0.004059
100 0.005185
110 0.008351
120 0.009652
130 0.012884
140 0.015058
150 0.018953
160 0.028187
170 0.027931
180 0.038129
190 0.038582
200 0.049275
210 0.059290
220 0.064702
230 0.082607
240 0.089480
250 0.103308
260 0.112025
270 0.130957
280 0.129764
290 0.156104
300 0.162002
310 0.190872
320 0.223269
330 0.226491
340 0.248340
350 0.273117
360 0.278125
370 0.445215
380 0.363913
390 0.399820
400 0.426103
410 0.488119
420 0.513960
430 0.579128
440 0.537367
450 0.611526
460 0.792092
470 0.693272
480 0.733618
490 0.794311
500 0.857896
510 1.223451
520 1.057852
530 1.077500
540 1.150044
550 1.438018
560 1.344119
570 1.462929
580 1.370598
590 1.456288
600 1.372376
610 1.640483
620 1.760103
630 2.190051
640 2.872404
650 86.281106
660 2.887877
670 2.672249
680 2.256968
690 3.010784
700 2.677637
710 3.184991
720 2.686050
730 3.162758
740 3.592718
750 3.709210
760 3.456267
770 4.045412
780 4.437771
790 4.255299
800 4.011433
810 4.985077
820 63.576008
830 6.651720
840 4.964015
850 7.505607
860 6.101388
870 6.714612
880 5.576295
890 6.832542
900 8.162718
910 28.978491
920 6.903462
930 8.209007
940 9.242725
950 9.947276
960 9.514811
970 9.666907
980 80.541348
990 11.693252
